#trunk_id (position.x, position.y, position.z) (direction.x, direction.y, direction.z) radius height
1 (3.57567, 5.7933, 4.87203)  (0.0503631, -0.0642261, 0.996664) 0.0813926 9.57173
2 (-0.374605, 4.79612, 4.07747)  (0.0804158, -0.0696017, 0.994328) 0.067819 8.45076
3 (-2.94971, 4.20005, 5.6697)  (0.0646609, -0.106428, 0.992216) 0.0770459 11.9031
4 (4.03117, -0.146683, 4.08782)  (0.0219257, -0.0620947, 0.997829) 0.0669275 9.0029
5 (2.77887, 2.22933, 4.2091)  (-0.0191939, -0.0689654, 0.997434) 0.100593 8.82001
6 (7.06849, 4.61722, 5.26406)  (0.0608838, -0.0758198, 0.995261) 0.0804371 10.7084
7 (-2.04906, -2.20933, 6.30457)  (0.0894975, -0.139593, 0.986156) 0.256288 13.0054
8 (-6.21846, -6.6476, 3.8178)  (0.0564833, -0.0660029, 0.996219) 0.124354 9.18363
9 (-6.9387, 0.699697, 7.60464)  (0.0169115, -0.0393847, 0.999081) 0.0635829 3.35926
10 (0.537967, -2.37404, 3.55653)  (0.124076, -0.0147705, 0.992163) 0.418523 6.64908
11 (-2.81406, 0.550619, 4.34179)  (0.0171561, 0.0333887, 0.999295) 0.199353 8.18011
12 (7.1467, 0.602657, 3.44662)  (0.0726841, -0.0677911, 0.995048) 0.0947887 7.77366
13 (0.954495, 7.1486, 5.37897)  (0.0958865, -0.0612285, 0.993507) 0.169711 8.75407
14 (-6.58621, -3.01931, 4.63512)  (0.0678119, -0.040897, 0.99686) 0.110779 9.03443
15 (-0.810597, -5.70209, 4.6182)  (0.0316984, -0.058193, 0.997802) 0.329988 10.1803
16 (-1.70344, 6.44092, 7.82846)  (0.0593853, -0.0780978, 0.995175) 0.486759 4.84652
17 (0.482906, -7.03739, 5.38518)  (0.0539938, -0.106673, 0.992827) 0.109956 10.1571
18 (-4.6756, -0.954205, 5.52968)  (0.0585978, -0.0846218, 0.994689) 0.109089 10.4217
19 (-5.32755, 3.34361, 9.02613)  (0.11782, -0.142735, 0.982723) 0.213669 3.0212
20 (0.727343, 1.77273, 4.11937)  (0.0567928, -0.0624306, 0.996432) 0.0879788 7.5792
21 (6.34122, -5.27831, 5.24306)  (0.0460879, -0.0329968, 0.998392) 0.155884 10.4218
22 (8.33936, -3.88341, 4.44988)  (0.0503513, -0.0186173, 0.998558) 0.0733121 8.44825
23 (-0.488417, -0.962627, 6.93684)  (0.0703122, -0.0871637, 0.99371) 0.264739 10.0963
24 (10.4972, 5.54092, 6.03068)  (0.0222765, -0.0932229, 0.995396) 0.0905085 10.82
25 (11.0046, -2.57524, 4.84747)  (0.0481292, -0.0365809, 0.998171) 0.204857 9.05141
26 (12.681, 2.09555, 4.97585)  (0.0141511, -0.071689, 0.997327) 0.0969993 9.23922
27 (11.8093, -5.60722, 4.99934)  (0.000557582, 0.015653, 0.999877) 0.0879339 9.71817
28 (11.1036, 4.57151, 5.82499)  (0.0677313, -0.0569079, 0.996079) 0.0938561 10.047
29 (14.9662, 3.78844, 4.87522)  (0.0588994, -0.047043, 0.997155) 0.0722061 8.18577
30 (17.3004, -0.395533, 4.41459)  (0.0557201, -0.0646472, 0.996351) 0.181078 8.33541
31 (15.7276, -6.92864, 2.27771)  (0.059756, -0.0509451, 0.996912) 0.064946 4.69299
32 (17.6782, 5.03055, 3.75825)  (0.0835308, -0.0633805, 0.994488) 0.0678031 6.04247
33 (18.349, -5.85209, 4.57634)  (0.0585339, -0.0631746, 0.996284) 0.0811412 9.17998
34 (20.3428, 2.77513, 4.82554)  (-0.0173279, -0.0482304, 0.998686) 0.105097 8.50398
35 (20.6166, -3.96655, 4.42902)  (0.0278806, -0.0525387, 0.99823) 0.0977462 8.75377
36 (21.81, 1.70342, 5.69346)  (0.0584731, -0.0209915, 0.998068) 0.095512 10.5744
37 (15.7477, -2.5377, 3.18781)  (-0.0335344, -0.0337803, 0.998867) 0.159894 3.83905
38 (16.778, 7.4841, 4.75544)  (0.0934306, -0.0633719, 0.993607) 0.0768395 7.86762
39 (18.2503, 3.27277, 4.32656)  (0.0640661, -0.0059679, 0.997928) 0.0768273 6.97079
40 (23.0825, 3.34368, 5.00085)  (0.0288903, -0.0495838, 0.998352) 0.0825765 9.33303
41 (21.4775, -5.77632, 2.70471)  (0.154001, -0.115934, 0.981246) 0.0714287 5.28525
42 (23.5191, 0.144052, 4.39965)  (0.0879612, -0.094575, 0.991624) 0.0622352 8.08942
43 (23.5587, -2.98545, 4.48682)  (0.0661168, -0.0307448, 0.997338) 0.0642084 8.26797
44 (23.4214, 7.39124, 5.51805)  (0.0465267, -0.0338007, 0.998345) 0.0804782 10.3309
45 (19.249, 8.11143, 4.98141)  (0.0718784, -0.0896208, 0.993379) 0.0901857 7.69518
46 (13.6876, 8.17294, 9.83205)  (0.0649822, -0.0886391, 0.993942) 0.0923185 4.05626
47 (25.1057, -4.26411, 3.0424)  (0.0285347, -0.023291, 0.999321) 0.0949968 5.58084
48 (13.4194, 8.49271, 5.64391)  (0.0599666, -0.0684987, 0.995847) 0.0814412 8.64487
49 (13.1077, 10.9876, 6.19429)  (0.0642912, -0.0545159, 0.996441) 0.107808 11.9945
50 (15.8124, 9.97552, 4.4151)  (0.0703466, -0.0278226, 0.997135) 0.0737356 8.82546
51 (22.1671, 10.3695, 3.82866)  (0.0923583, -0.121188, 0.988324) 0.0734018 5.54528
52 (23.5262, 11.6783, 3.56962)  (0.0778615, -0.107652, 0.991135) 0.0700146 6.53062
53 (13.567, 13.1848, 4.92446)  (0.0554422, -0.0907163, 0.994332) 0.0927992 8.73574
54 (16.4104, 13.4722, 5.55847)  (0.063406, -0.0885736, 0.994049) 0.0994898 8.84061
55 (11.0915, 12.7382, 5.85592)  (0.0466858, -0.0566992, 0.997299) 0.0905203 10.6294
56 (21.5754, 12.6845, 5.20069)  (0.0833052, -0.106222, 0.990847) 0.0836594 9.12235
57 (18.2134, 13.2502, 4.65862)  (0.0661806, -0.104298, 0.992342) 0.0814204 8.42757
58 (13.0434, 14.5304, 4.85309)  (0.0575328, -0.0677691, 0.996041) 0.0757652 8.74789
59 (8.5409, 9.73798, 5.51235)  (0.0715931, -0.0889079, 0.993464) 0.0962114 9.94766
60 (16.5927, 7.63212, 3.29488)  (0.0704855, -0.0363929, 0.996849) 0.00865333 3.50957
61 (18.8226, 12.0961, 2.8132)  (-0.0337758, -0.0639638, 0.99738) 0.147021 4.46303
62 (3.78586, 8.80368, 4.95881)  (0.0284699, -0.105777, 0.993982) 0.110161 8.46146
63 (6.50291, 12.8722, 4.79219)  (0.0852595, -0.0977744, 0.99155) 0.0782153 8.3929
64 (4.90948, 14.7356, 5.8298)  (0.0676808, -0.0388789, 0.996949) 0.103832 9.92885
65 (-2.02991, 7.19539, 4.82718)  (0.0365592, -0.0910555, 0.995175) 0.180901 7.05001
66 (-3.61983, 10.1995, 5.93935)  (0.049812, -0.0500177, 0.997505) 0.0838128 9.18286
67 (-4.40174, 13.5466, 6.42029)  (0.0522248, -0.060157, 0.996822) 0.116753 10.0953
68 (-5.95819, 4.10098, 4.27451)  (0.0829633, -0.119646, 0.989344) 0.200482 5.90939
69 (-6.4, 5.70446, 6.04054)  (0.0930358, -0.0568702, 0.994037) 0.0874195 9.38287
70 (-3.22746, 15.9197, 5.61681)  (0.0646406, -0.0628458, 0.995928) 0.136005 8.39827
71 (1.21318, 14.0048, 5.17836)  (0.065705, -0.0618236, 0.995922) 0.000287824 7.58074
72 (-6.33847, 9.88733, 5.98092)  (0.0227242, -0.115386, 0.993061) 0.180275 8.83283
73 (-6.99479, 7.21445, 5.42501)  (0.0348256, -0.0318633, 0.998885) 0.287378 7.59473
74 (2.92123, 17.1662, 5.31774)  (0.0642204, -0.0940161, 0.993497) 0.115732 9.2193
75 (-2.29998, 19.7706, 5.3329)  (0.0640819, -0.0576533, 0.996278) 0.0876425 8.60593
76 (-1.39083, 10.6625, 3.6218)  (0.089772, -0.0847244, 0.992352) 0.0626268 4.73419
77 (0.152177, 16.1421, 5.41729)  (0.0175914, -0.0819972, 0.996477) 0.0591813 8.22254
78 (7.8822, 16.1048, 4.87019)  (0.0496432, -0.0445452, 0.997773) 0.0802657 8.97033
79 (7.79891, 17.7848, 5.19203)  (-0.0747026, 0.0244902, 0.996905) 0.0784788 9.27601
80 (7.05476, 23.196, 5.87702)  (0.030073, -0.0317874, 0.999042) 0.132947 9.69509
81 (8.76455, 22.4714, 5.38102)  (0.0227707, -0.0869846, 0.995949) 0.0677083 7.95284
82 (11.8541, 16.978, 5.07664)  (-0.01729, -0.027793, 0.999464) 0.106953 8.36351
83 (12.2923, 21.803, 5.86211)  (0.0482806, -0.0549861, 0.997319) 0.0857149 9.36224
84 (18.576, 17.0332, 5.1405)  (0.0321798, -0.0737207, 0.99676) 0.0924106 8.60127
85 (18.0627, 21.4037, 5.35209)  (0.0675838, -0.0765576, 0.994772) 0.0790285 8.48042
86 (20.6071, 15.8636, 4.1661)  (0.101216, -0.0982889, 0.989997) 0.0625631 6.94128
87 (16.4103, 22.9813, 5.75621)  (0.0653836, -0.0530972, 0.996447) 0.100214 9.11878
88 (21.5112, 17.3783, 5.09842)  (0.0814578, -0.0793289, 0.993515) 0.0929758 8.60854
89 (19.5996, 20.5128, 4.45876)  (0.056792, -0.10349, 0.993008) 0.0642145 6.89891
90 (19.3933, 23.2653, 5.31326)  (0.0752935, -0.0373367, 0.996462) 0.100173 8.52033
91 (23.0317, 20.6965, 5.40097)  (0.042636, -0.0112915, 0.999027) 0.0825817 8.29755
92 (21.9895, 22.9925, 5.43919)  (0.104036, -0.062433, 0.992612) 0.0766548 8.60811
93 (22.9736, 14.281, 4.76554)  (0.0449659, -0.0874448, 0.995154) 0.0956995 8.39869
94 (24.9197, 24.7717, 6.12914)  (0.0789056, -0.0782971, 0.993803) 0.112847 9.86398
95 (25.2229, 21.4063, 3.80504)  (0.0680729, -0.112417, 0.991327) 0.0760398 5.2535
96 (25.0813, 12.8009, 3.46502)  (0.0731039, -0.0931409, 0.992966) 0.115494 6.01576
97 (21.7065, 26.3383, 5.0647)  (0.0840659, -0.0444116, 0.99547) 0.0778485 7.39856
98 (21.9369, 25.0116, 4.17656)  (-0.0505391, 0.029148, 0.998297) 0.292162 5.88969
99 (18.0688, 28.6293, 5.70439)  (0.0829619, -0.0737916, 0.993817) 0.103121 8.66862
100 (19.5842, 26.1355, 4.30161)  (0.0720166, -0.0664861, 0.995185) 0.0460778 5.64501
101 (16.1635, 27.5589, 3.22775)  (-0.0975225, -0.223717, 0.969763) 0.376967 3.461
102 (20.8887, 29.8313, 4.64086)  (0.0319992, -0.0602636, 0.997669) 0.111534 6.04201
103 (10.2797, 25.6014, 5.32032)  (-0.132393, -0.0718659, 0.988589) 0.330059 7.82585
104 (18.294, 30.9648, 4.93967)  (0.0789438, -0.0368799, 0.996197) 0.131559 5.43039
105 (22.0357, 29.9736, 4.25205)  (0.0969607, -0.0245134, 0.994986) 0.0651247 5.4335
106 (3.75724, 25.945, 5.51741)  (-0.0269904, -0.163992, 0.986092) 0.117933 7.70767
107 (5.17165, 30.8143, 6.30107)  (0.0302361, -0.0978349, 0.994743) 0.149625 9.41455
108 (2.42979, 29.2741, 6.68977)  (0.0863241, -0.0550032, 0.994748) 0.0919868 10.6166
109 (15.6259, 29.814, 4.18886)  (0.0897992, -0.0714168, 0.993396) 0.19947 5.12641
110 (0.750907, 30.0857, 6.09994)  (0.073792, -0.087987, 0.993385) 0.0905749 9.45025
111 (4.65759, 27.9592, 3.83484)  (0.0837054, -0.0652945, 0.994349) 0.0871369 4.48139
112 (-2.64948, 27.3179, 5.62278)  (0.0667998, -0.067402, 0.995487) 0.138325 8.61096
113 (0.386978, 28.18, 5.05917)  (0.00725955, -0.0749076, 0.997164) 0.274451 7.67366
114 (3.85802, 26.2595, 3.75763)  (-0.120752, -0.194603, 0.973421) 0.0902322 3.55575
115 (-4.85968, 29.9291, 6.18773)  (0.0150124, -0.0693863, 0.997477) 0.149779 9.38706
